{
  "artifact": "oph_family_transport_kernel_sim_s3_fusion_verdict",
  "band_check": {
    "computed_rho_ord_level1": 1.4999995333448308,
    "declared_convention_band": [
      1.2761484088503106,
      1.3000272063381912
    ],
    "inside_band": false,
    "physical_minus_template": 0.2057145969671248,
    "template_rho_ord": 1.294284936377706
  },
  "generated_utc": "2026-07-12T06:27:43Z",
  "generator_proof_status": "candidate_only",
  "github_issues": [
    377,
    379,
    380
  ],
  "guards": {
    "fitted_spreads_consumed": false,
    "numerical_flavor_template_consumed": false,
    "post_hoc_construction_changes": "none; predeclared in the module docstring before computation",
    "public_promotion_allowed": false,
    "quark_reference_values_consumed": false
  },
  "harness_gates": {
    "acceptance_passed": false,
    "first_failed_gate": "G3_shape_band_scheme_rider",
    "gates": {
      "G0_schema": {
        "ancestry_present": true,
        "kernel_refinements_present": true,
        "passed": true
      },
      "G1_ancestry": {
        "forbidden_ancestor_hits": [],
        "forbidden_list_source": "derive_quark_sigma_source_nonidentifiability_obstruction",
        "passed": true,
        "target_attestations": {
          "fitted_spreads_consumed": false,
          "quark_reference_values_consumed": false
        },
        "template_ancestry_declared": false
      },
      "G2_spectrum": {
        "eigenvalues": [
          -0.38904852104216614,
          -0.38904779483683,
          0.7780963158789964
        ],
        "passed": true,
        "rho_ord": 1.4999995333448306,
        "simple_spectrum": true,
        "x2": -0.9999987555866021
      },
      "G3_shape_band_scheme_rider": {
        "alternative_bands": {
          "common_scale_any_mu": [
            1.124320256710102,
            1.328677369322281
          ],
          "own_scale_heavy_msbar_top": [
            1.2761484088503106,
            1.3154144454846937
          ]
        },
        "band": [
          1.2761484088503106,
          1.3000272063381912
        ],
        "declared_convention": "quoted_mixed",
        "passed": false,
        "rho_ord": 1.4999995333448306,
        "scheme_rider": "the band is convention dependent; see the common-scheme scan artifact"
      },
      "G4_normalization_clause_present": {
        "clause_kind": null,
        "passed": false,
        "reading_if_failed": "no normalization clause means the kernel fixes only scale-invariant shape data, which is the operator-side restatement of the nonidentifiability theorem",
        "sigma_d_per_side": null,
        "sigma_u_per_side": null
      }
    },
    "remaining_formal_burden": "rerun derive_quark_sigma_source_nonidentifiability_obstruction with the accepted kernel as ancestor; the spread fiber must collapse from (R_>0)^2 to a unique tuple before any promotion",
    "status": "blocked_fail_closed"
  },
  "levels": {
    "level0": {
      "edge_count": 24109,
      "pair_total": 520132,
      "patch_count": 4096,
      "rows": {
        "haar_null": {
          "class_counts": [
            [
              0.027777777777777776,
              0.08333333333333333,
              0.05555555555555555
            ],
            [
              0.08333333333333333,
              0.25000000000000006,
              0.16666666666666669
            ],
            [
              0.05555555555555555,
              0.16666666666666669,
              0.1111111111111111
            ]
          ],
          "eigenvalues_centered": [
            -0.38888888888888895,
            -0.38888888888888895,
            0.777777777777778
          ],
          "g21": 0.0,
          "g32": 1.166666666666667,
          "raw_gap_ratio_r": 0.0,
          "rho_ord": 1.5,
          "span": 1.166666666666667,
          "transition_matrix_row_stochastic": [
            [
              0.16666666666666666,
              0.5,
              0.3333333333333333
            ],
            [
              0.16666666666666666,
              0.5000000000000001,
              0.33333333333333337
            ],
            [
              0.16666666666666663,
              0.5,
              0.33333333333333326
            ]
          ],
          "x2": -1.0
        },
        "independent_pair_null": {
          "class_counts": [
            [
              14497.294092804394,
              43290.180795382854,
              29048.61536856334
            ],
            [
              43090.72004222614,
              130031.87225246677,
              86177.52417633451
            ],
            [
              29102.74322328737,
              86741.69145708391,
              58151.35859185071
            ]
          ],
          "eigenvalues_centered": [
            -0.3886850644535608,
            -0.3886767787504089,
            0.7773618432039697
          ],
          "g21": 8.285703151922341e-06,
          "g32": 1.1660386219543786,
          "raw_gap_ratio_r": 7.105856526462912e-06,
          "rho_ord": 1.49999467062654,
          "span": 1.1660469076575306,
          "transition_matrix_row_stochastic": [
            [
              0.166950101621801,
              0.49852752084283875,
              0.3345223775353603
            ],
            [
              0.16618087422664474,
              0.5014724791571612,
              0.33234664661619406
            ],
            [
              0.16726118876768012,
              0.4985275208428388,
              0.3342112903894811
            ]
          ],
          "x2": -0.9999857883879327
        },
        "physical": {
          "class_counts": [
            [
              14394.0,
              43209.0,
              29228.0
            ],
            [
              43288.0,
              129930.0,
              86082.0
            ],
            [
              28850.0,
              86721.0,
              58430.0
            ]
          ],
          "eigenvalues_centered": [
            -0.38874093718083674,
            -0.3887214609435245,
            0.7774623981243609
          ],
          "g21": 1.9476237312243683e-05,
          "g32": 1.1661838590678855,
          "raw_gap_ratio_r": 1.670082908522741e-05,
          "rho_ord": 1.4999874744827792,
          "span": 1.1662033353051977,
          "transition_matrix_row_stochastic": [
            [
              0.16577028941276734,
              0.4976218170929737,
              0.33660789349425896
            ],
            [
              0.16694176629386812,
              0.5010798303123795,
              0.3319784033937524
            ],
            [
              0.16580364480663903,
              0.4983936873926012,
              0.3358026678007598
            ]
          ],
          "x2": -0.9999665988996557
        }
      },
      "run_dir": "/Users/muellerberndt/Projects/oph-meta/oph-physics-sim/runs/e1_s3_bw_screen_4k_1783837537"
    },
    "level1": {
      "edge_count": 390924,
      "pair_total": 8549912,
      "patch_count": 65536,
      "rows": {
        "haar_null": {
          "class_counts": [
            [
              0.027777777777777776,
              0.08333333333333333,
              0.05555555555555555
            ],
            [
              0.08333333333333333,
              0.25000000000000006,
              0.16666666666666669
            ],
            [
              0.05555555555555555,
              0.16666666666666669,
              0.1111111111111111
            ]
          ],
          "eigenvalues_centered": [
            -0.38888888888888895,
            -0.38888888888888895,
            0.777777777777778
          ],
          "g21": 0.0,
          "g32": 1.166666666666667,
          "raw_gap_ratio_r": 0.0,
          "rho_ord": 1.5,
          "span": 1.166666666666667,
          "transition_matrix_row_stochastic": [
            [
              0.16666666666666666,
              0.5,
              0.3333333333333333
            ],
            [
              0.16666666666666666,
              0.5000000000000001,
              0.33333333333333337
            ],
            [
              0.16666666666666663,
              0.5,
              0.33333333333333326
            ]
          ],
          "x2": -1.0
        },
        "independent_pair_null": {
          "class_counts": [
            [
              237016.63651815453,
              712375.4081977252,
              474149.80038956285
            ],
            [
              713704.7668498451,
              2137476.4583238526,
              1427405.3664297853
            ],
            [
              474266.35638769204,
              1425101.050126128,
              948416.1567772549
            ]
          ],
          "eigenvalues_centered": [
            -0.3889535558535683,
            -0.38895287386722466,
            0.7779064297207932
          ],
          "g21": 6.819863436202667e-07,
          "g32": 1.166859303588018,
          "raw_gap_ratio_r": 5.844632180788225e-07,
          "rho_ord": 1.4999995616527144,
          "span": 1.1668599855743613,
          "transition_matrix_row_stochastic": [
            [
              0.16649783589649136,
              0.5004246349674105,
              0.33307752913609806
            ],
            [
              0.16680853631674902,
              0.4995753650325894,
              0.33361609865066155
            ],
            [
              0.16653876456804903,
              0.5004246349674106,
              0.3330366004645404
            ]
          ],
          "x2": -0.9999988310742471
        },
        "physical": {
          "class_counts": [
            [
              236830.0,
              712357.0,
              474286.0
            ],
            [
              713478.0,
              2138514.0,
              1426760.0
            ],
            [
              474112.0,
              1426157.0,
              947418.0
            ]
          ],
          "eigenvalues_centered": [
            -0.3890485210421662,
            -0.38904779483683016,
            0.7780963158789963
          ],
          "g21": 7.262053360324039e-07,
          "g32": 1.1671441107158265,
          "raw_gap_ratio_r": 6.222070859673118e-07,
          "rho_ord": 1.4999995333448308,
          "span": 1.1671448369211626,
          "transition_matrix_row_stochastic": [
            [
              0.1663747749342629,
              0.5004359057038665,
              0.3331893193618706
            ],
            [
              0.1667490894541212,
              0.49979853938718577,
              0.33345237115869303
            ],
            [
              0.1664902076667836,
              0.5008124137238398,
              0.33269737860937665
            ]
          ],
          "x2": -0.9999987555866022
        }
      },
      "run_dir": "/Users/muellerberndt/Projects/oph-meta/oph-physics-sim/runs/e1_s3_bw_screen_64k_1783837538"
    }
  },
  "null_contrast_level1": {
    "haar_null": 1.5,
    "independent_pair_null": 1.4999995616527144,
    "physical": 1.4999995333448308
  },
  "reading_rules": [
    "the Haar null is the pure class-multiplication prediction; the physical-vs-Haar contrast measures what the realized dynamics add beyond group combinatorics",
    "G4 blocking is the expected fail-closed outcome until a K2 normalization clause exists"
  ],
  "row_class": "computed_candidate_shape_milestone"
}
