{
  "ancestry": {
    "artifacts": [
      "s3_gauge_state(e1_s3_bw_screen_4k_1783837537)",
      "s3_gauge_state(e1_s3_bw_screen_64k_1783837538)"
    ],
    "attestations": {
      "fitted_spreads_consumed": false,
      "numerical_flavor_template_consumed": false,
      "quark_reference_values_consumed": false
    }
  },
  "artifact": "oph_family_transport_kernel",
  "carrier_identification": {
    "claim": "the three S3 conjugacy classes under realized one-step fusion transport are the same-label generation carrier",
    "status": "candidate_claim_not_theorem",
    "sum_rule_note": "no conservation null: rows of the fusion transition are genuine three-dimensional distributions"
  },
  "generated_utc": "2026-07-12T06:27:43Z",
  "metadata": {
    "note": "Second K1 execution: realized S3 class-fusion transport at two patch counts of the same experiment family. Carrier identification and the K2 scale clause stay open."
  },
  "proof_status": "computed_candidate_carrier_identification_open",
  "refinement_intertwiners": [
    {
      "from_level": 0,
      "intertwiner": {
        "imag": [
          [
            0.0,
            0.0,
            0.0
          ],
          [
            0.0,
            0.0,
            0.0
          ],
          [
            0.0,
            0.0,
            0.0
          ]
        ],
        "real": [
          [
            1.0,
            0.0,
            0.0
          ],
          [
            0.0,
            1.0,
            0.0
          ],
          [
            0.0,
            0.0,
            1.0
          ]
        ]
      },
      "justification": "canonical class frame",
      "to_level": 1
    }
  ],
  "refinements": [
    {
      "hermitian_descendant": {
        "imag": [
          [
            0.0,
            0.0,
            0.0
          ],
          [
            0.0,
            0.0,
            0.0
          ],
          [
            0.0,
            0.0,
            0.0
          ]
        ],
        "real": [
          [
            0.388412135661548,
            0.3887687916342566,
            0.3885307191714281
          ],
          [
            0.3887687916342566,
            0.3891602099990645,
            0.388893811141286
          ],
          [
            0.3885307191714281,
            0.388893811141286,
            0.38865054796606746
          ]
        ]
      },
      "level": 0,
      "patch_count": 4096,
      "run_dir": "/Users/muellerberndt/Projects/oph-meta/oph-physics-sim/runs/e1_s3_bw_screen_4k_1783837537",
      "transport_operator": {
        "imag": [
          [
            0.0,
            0.0,
            0.0
          ],
          [
            0.0,
            0.0,
            0.0
          ],
          [
            0.0,
            0.0,
            0.0
          ]
        ],
        "real": [
          [
            0.16577028941276734,
            0.4976218170929737,
            0.33660789349425896
          ],
          [
            0.16694176629386812,
            0.5010798303123795,
            0.3319784033937524
          ],
          [
            0.16580364480663903,
            0.4983936873926012,
            0.3358026678007598
          ]
        ]
      }
    },
    {
      "hermitian_descendant": {
        "imag": [
          [
            0.0,
            0.0,
            0.0
          ],
          [
            0.0,
            0.0,
            0.0
          ],
          [
            0.0,
            0.0,
            0.0
          ]
        ],
        "real": [
          [
            0.38913178398890236,
            0.3889627455420853,
            0.38917549781128585
          ],
          [
            0.3889627455420853,
            0.38879432263869756,
            0.3890061331931879
          ],
          [
            0.38917549781128585,
            0.3890061331931879,
            0.38921960872237815
          ]
        ]
      },
      "level": 1,
      "patch_count": 65536,
      "run_dir": "/Users/muellerberndt/Projects/oph-meta/oph-physics-sim/runs/e1_s3_bw_screen_64k_1783837538",
      "transport_operator": {
        "imag": [
          [
            0.0,
            0.0,
            0.0
          ],
          [
            0.0,
            0.0,
            0.0
          ],
          [
            0.0,
            0.0,
            0.0
          ]
        ],
        "real": [
          [
            0.1663747749342629,
            0.5004359057038665,
            0.3331893193618706
          ],
          [
            0.1667490894541212,
            0.49979853938718577,
            0.33345237115869303
          ],
          [
            0.1664902076667836,
            0.5008124137238398,
            0.33269737860937665
          ]
        ]
      }
    }
  ],
  "status": "computed_sim_s3_fusion_candidate",
  "transport_kind": "s3_class_fusion_one_step_edge_transport"
}
