{
  "actual_generator_transfer_candidate": {
    "actual_generator_centering_rule": "K_actual_centered = K_actual - tr(K_actual)/3 * I",
    "actual_generator_promotion_margin_if_bound_closed": "reuse_proxy_simple_spectrum_and_riesz_margin",
    "actual_proxy_centered_residual_kind": "compression_descendant_commutator",
    "bridge_strategy": "control the compression-descendant commutator after the central split",
    "candidate_id": "centered_branch_generator_commutator_transfer",
    "central_split_rule": "K_actual = K_centered + c*I with the central term removed before comparison",
    "current_strength_statement": "neither exact vanishing nor uniform quadratic smallness is proved on the live corpus",
    "descended_commutator_control_mode": "exact_zero_or_uniform_quadratic",
    "desired_outcome": "commutator vanishes exactly or is uniformly quadratic-small on realized refinement arrows",
    "exact_vanishing_proved": false,
    "first_order_residual_after_central_split": "vanishes_if_commutator_zero",
    "quadratic_factorization_claim": "all surviving centered P->P corrections factor through P->Q->P",
    "quadratic_residual_bound_candidate": "||[C_actual_centered,C_proxy_centered]|| <= O(defect^2)",
    "smaller_exact_missing_clause": "compression_descendant_commutator_vanishes_or_is_uniformly_quadratic_small_after_central_split",
    "status": "candidate_only",
    "transfer_if_closed_effect": "proxy_defect_vs_gap_estimate_lifts_to_actual_generator",
    "uniform_quadratic_smallness_proved": false
  },
  "artifact": "oph_intrinsic_generation_bundle_branch_generator",
  "boundary_action_kind": "compact_unitary_groupoid_or_central_extension",
  "branch_generator_kind": "compressed_hermitian_descendant_proxy",
  "canonicality_certificate": {
    "canonicality_mode": "up_to_refinement_conjugacy_and_objectwise_u1_projectivization",
    "carrier_kind": "persistent_charged_generation_multiplicity_bundle",
    "exact_markov_required": false,
    "line_lift_is_readout_of": "oph_intrinsic_generation_bundle_branch_generator",
    "realized_generation_count": 3,
    "same_label_only": true
  },
  "carrier_dimension": 3,
  "carrier_kind": "persistent_charged_generation_multiplicity_bundle",
  "centered_compressed_branch_generator": {
    "imag": [
      [
        0.0,
        0.0,
        0.0
      ],
      [
        0.0,
        0.0,
        0.0
      ],
      [
        0.0,
        0.0,
        0.0
      ]
    ],
    "real": [
      [
        8.321220557638842e-05,
        0.3889627455420853,
        0.38917549781128585
      ],
      [
        0.3889627455420853,
        -0.00025424914462840453,
        0.3890061331931879
      ],
      [
        0.38917549781128585,
        0.3890061331931879,
        0.00017103693905218265
      ]
    ]
  },
  "centering_rule": "K_gen - tr(K_gen)/3 * I",
  "charged_block_projector_kind": "same_label_sector_block",
  "charged_sector_response_operator_candidate": {
    "artifact_kind": "latent_charged_declaration_of_centered_generation_bundle_branch_generator",
    "declaration_missing_theorem": "oph_generation_bundle_branch_generator_splitting",
    "declaration_status": "candidate_only",
    "formula": "sum_{f in {f1,f2,f3}} (lambda_f - mean_lambda) * Pi_f^(e)",
    "matrix": {
      "imag": [
        [
          0.0,
          0.0,
          0.0
        ],
        [
          0.0,
          0.0,
          0.0
        ],
        [
          0.0,
          0.0,
          0.0
        ]
      ],
      "real": [
        [
          8.321220557638842e-05,
          0.3889627455420853,
          0.38917549781128585
        ],
        [
          0.3889627455420853,
          -0.00025424914462840453,
          0.3890061331931879
        ],
        [
          0.38917549781128585,
          0.3890061331931879,
          0.00017103693905218265
        ]
      ]
    },
    "name": "C_hat_e^{cand}",
    "notes": [
      "This is the latent charged operator candidate beneath the charged-sector response functor.",
      "It is defined from the centered generation-bundle branch generator only.",
      "Target charged masses and diagnostic D12 continuation values are not part of the defining data.",
      "Theorem-grade declaration is blocked until the branch-generator splitting theorem closes."
    ],
    "ordered_spectrum": [
      0.7780963158789965,
      -0.3890477948368302,
      -0.3890485210421661
    ],
    "sigma_formula": "lambda_max(C_hat_e^{cand}) - lambda_min(C_hat_e^{cand})",
    "smallest_missing_clause": "compression_descendant_commutator_vanishes_or_is_uniformly_quadratic_small_after_central_split"
  },
  "compressed_branch_generator": {
    "imag": [
      [
        0.0,
        0.0,
        0.0
      ],
      [
        0.0,
        0.0,
        0.0
      ],
      [
        0.0,
        0.0,
        0.0
      ]
    ],
    "real": [
      [
        0.38913178398890236,
        0.3889627455420853,
        0.38917549781128585
      ],
      [
        0.3889627455420853,
        0.38879432263869756,
        0.3890061331931879
      ],
      [
        0.38917549781128585,
        0.3890061331931879,
        0.38921960872237815
      ]
    ]
  },
  "current_proxy_kind": "compressed_hermitian_descendant_proxy",
  "family_projectors_by_label": [
    {
      "label": "f1",
      "projector": {
        "imag": [
          [
            0.0,
            0.0,
            0.0
          ],
          [
            0.0,
            0.0,
            0.0
          ],
          [
            0.0,
            0.0,
            0.0
          ]
        ],
        "real": [
          [
            0.3334048347897113,
            0.3332600711053253,
            0.33344231275504027
          ],
          [
            0.3332600711053253,
            0.33311537027702937,
            0.33329753279779983
          ],
          [
            0.33344231275504027,
            0.33329753279779983,
            0.33347979493325924
          ]
        ]
      }
    },
    {
      "label": "f2",
      "projector": {
        "imag": [
          [
            0.0,
            0.0,
            0.0
          ],
          [
            0.0,
            0.0,
            0.0
          ],
          [
            0.0,
            0.0,
            0.0
          ]
        ],
        "real": [
          [
            0.002366242146116315,
            -0.03552779549105232,
            0.0331424017199753
          ],
          [
            -0.03552779549105232,
            0.5334298750978259,
            -0.49761452872528755
          ],
          [
            0.0331424017199753,
            -0.49761452872528755,
            0.4642038827560583
          ]
        ]
      }
    },
    {
      "label": "f3",
      "projector": {
        "imag": [
          [
            0.0,
            0.0,
            0.0
          ],
          [
            0.0,
            0.0,
            0.0
          ],
          [
            0.0,
            0.0,
            0.0
          ]
        ],
        "real": [
          [
            0.6642289230641724,
            -0.2977322756142729,
            -0.36658471447501545
          ],
          [
            -0.2977322756142729,
            0.13345475462514486,
            0.16431699592748725
          ],
          [
            -0.36658471447501545,
            0.16431699592748725,
            0.2023163223106825
          ]
        ]
      }
    }
  ],
  "generated_utc": "2026-07-12T06:27:43Z",
  "generation_bundle_projector_kind": "realized_ng_equals_3_bundle",
  "latest_refinement_level": 1,
  "metadata": {
    "note": "This artifact promotes the flavor origin from a vague missing transport functor to a concrete centered compressed branch-generator candidate on the realized three-generation charged bundle. The standard Kato/Riesz persistence shell is now explicit on the current proxy; the remaining OPH-only burden is proving that the actual compressed branch generator satisfies the same defect-vs-gap estimate, with the current constructive bridge being a central split plus compression-descendant commutator control where the first surviving residual vanishes when the descended commutator vanishes and otherwise is treated as uniformly quadratic through P->Q->P factorization. On the live corpus, neither exact vanishing nor uniform quadratic smallness of the descended commutator is proved yet. On the charged side, this same centered operator is only the latent candidate C_hat_e^{cand}; theorem-grade declaration remains blocked by the upstream promotion theorem.",
    "transport_artifact": "oph_family_transport_kernel"
  },
  "noncentrality_certificate": {
    "eigenvalues": [
      0.7780963158789965,
      -0.3890477948368302,
      -0.3890485210421661
    ],
    "is_scalar_multiple_identity": false,
    "selfadjoint": true,
    "spectral_span": 1.1671448369211626,
    "trace_free": true,
    "trace_square": 0.908150815176964
  },
  "operator_theorem_candidate": "oph_generation_bundle_branch_generator_splitting",
  "persistent_gap_certificate": {
    "base_min_gap": 7.262053358658704e-07,
    "conjugacy_defect_sup": 0.0,
    "conservative_gap_lower_bound": 7.262053358658704e-07,
    "defect_gap_ratio": 0.0,
    "projector_order_preserved": false,
    "riesz_bound_passes": true
  },
  "projective_readout_certificate": {
    "family_labels": [
      "f1",
      "f2",
      "f3"
    ],
    "same_label_overlap_amplitudes": [
      0.9999996250417189,
      0.646497743324695,
      0.6464979991819801
    ]
  },
  "promotion_gate": {
    "current_strength_statement": "neither exact vanishing nor uniform quadratic smallness is proved on the live corpus",
    "exact_missing_ingredient": "OPH proof that the actual compressed branch generator satisfies the same defect-vs-gap estimate as the current proxy",
    "exact_transfer_bridge": "central split plus compression-descendant commutator control",
    "exact_vanishing_proved": false,
    "proof_status": "candidate_only",
    "smaller_exact_missing_clause": "compression_descendant_commutator_vanishes_or_is_uniformly_quadratic_small_after_central_split",
    "uniform_quadratic_smallness_proved": false
  },
  "proof_status": "candidate_only",
  "readout_status": "line_lift_is_downstream_serialization",
  "realized_generation_count": 3,
  "remaining_missing_theorem": "oph_generation_bundle_branch_generator_splitting",
  "schur_diagonal_pairing_certificate": {
    "exact_markov_required": false,
    "same_label_only": true
  },
  "selfadjoint": true,
  "simple_spectrum_certificate": {
    "eigenvalues": [
      0.7780963158789965,
      -0.3890477948368302,
      -0.3890485210421661
    ],
    "min_gap": 7.262053358658704e-07,
    "projector_order_preserved": false,
    "simple_spectrum": true,
    "spectral_gaps": [
      1.1671441107158267,
      7.262053358658704e-07
    ],
    "uniform_gap_candidate": false
  },
  "source_chain": [
    "ax:maxent",
    "internal_refinement_directed_system",
    "prop:regulatedrealization",
    "thm:markovcollar",
    "thm:master_ng_equals_3"
  ]
}
