{
  "C_nu_hat_real": [
    [
      0.9417329721810422,
      0.02913351390947865,
      0.02913351390947865
    ],
    [
      0.02913351390947865,
      0.9417329721810422,
      0.02913351390947865
    ],
    [
      0.02913351390947865,
      0.02913351390947865,
      0.9417329721810422
    ]
  ],
  "Delta_nu": [
    [
      0.6083996388477089,
      -0.30419981942385466,
      -0.30419981942385466
    ],
    [
      -0.30419981942385466,
      0.6083996388477089,
      -0.30419981942385466
    ],
    [
      -0.30419981942385466,
      -0.30419981942385466,
      0.6083996388477089
    ]
  ],
  "U_nu_imag": [
    [
      -0.007161937993042792,
      0.0,
      0.009380801551920793
    ],
    [
      0.0035809689965214018,
      -0.006202420242304,
      0.009380801551920776
    ],
    [
      0.003580968996521402,
      0.006202420242304001,
      0.009380801551920778
    ]
  ],
  "U_nu_real": [
    [
      -0.8164651696862825,
      0.0,
      -0.5772740544105353
    ],
    [
      0.40823258484314184,
      -0.7070795782534932,
      -0.5772740544105341
    ],
    [
      0.4082325848431419,
      0.7070795782534933,
      -0.5772740544105343
    ]
  ],
  "U_nu_semantics": "Takagi U satisfying U^T M U = diag(m_i) > 0; legacy left-vector keys are aliases",
  "ambient_metric_kind": "hilbert_schmidt_frobenius",
  "artifact": "oph_neutrino_forward_majorana_matrix",
  "certification_status": "selector_law_closed_standard_math",
  "collective_mode_overlap_by_eigenvector": [
    5.745754867366868e-31,
    6.666883056638175e-33,
    1.0
  ],
  "eigenvalues_raw_gev": null,
  "envelope_used": null,
  "inputs": {
    "envelope_artifact": "/Users/muellerberndt/Projects/oph-meta/reverse-engineering-reality/code/particles/runs/neutrino/majorana_phase_envelope.json",
    "family_artifact": "/Users/muellerberndt/Projects/oph-meta/reverse-engineering-reality/code/particles/runs/neutrino/family_response_tensor.json",
    "lift_artifact": "/Users/muellerberndt/Projects/oph-meta/reverse-engineering-reality/code/particles/runs/neutrino/majorana_holonomy_lift.json",
    "pullback_metric_artifact": "/Users/muellerberndt/Projects/oph-meta/reverse-engineering-reality/code/particles/runs/neutrino/majorana_phase_pullback_metric.json",
    "scale_anchor_artifact": "/Users/muellerberndt/Projects/oph-meta/reverse-engineering-reality/code/particles/runs/neutrino/neutrino_scale_anchor.json"
  },
  "invariants": {
    "det_abs": 1.490198351739679e-35,
    "principal_minors": [
      2.4617526608923523e-12,
      6.057969760167917e-24,
      1.490198351739679e-35
    ],
    "trace_h": 1.82154777711059e-23,
    "trace_real": 7.385257982677057e-12
  },
  "law_closure_scope": "standard_math_fixed",
  "m_star_gev": 2.4617526608923523e-12,
  "majorana_matrix_imag": [
    [
      0.0,
      4.207803231450853e-14,
      4.207803231450853e-14
    ],
    [
      4.207803231450853e-14,
      0.0,
      4.207803231450853e-14
    ],
    [
      4.207803231450853e-14,
      4.207803231450853e-14,
      0.0
    ]
  ],
  "majorana_matrix_real": [
    [
      2.4617526608923523e-12,
      6.347691976012981e-14,
      6.347691976012981e-14
    ],
    [
      6.347691976012981e-14,
      2.4617526608923523e-12,
      6.347691976012981e-14
    ],
    [
      6.347691976012981e-14,
      6.347691976012981e-14,
      2.4617526608923523e-12
    ]
  ],
  "majorana_mode": "canonical_selector",
  "masses_sorted_gev": [
    2.3986448447627196e-12,
    2.3986448447627196e-12,
    2.590074050773907e-12
  ],
  "notes": [
    "The real-seed branch is a surrogate when the Majorana selector is not theorem-closed.",
    "Canonical-selector output may close as a selector point or, under the pullback-distortion route, as a selector law with explicit scope.",
    "Selector/Takagi closure is conditional algebra and does not promote a source-open family response or Majorana lift.",
    "Residual-envelope mode carries certification metadata rather than claiming a unique complex Majorana matrix."
  ],
  "phase_mode": "canonical_selector",
  "phase_status": "residual_affine_plane",
  "proof_scope": "exact_matrix_and_takagi_algebra_conditional_on_declared_inputs",
  "public_surface_candidate_allowed": false,
  "rank_proxy": 3,
  "selector_closure_reason": "s3_fixed_point",
  "selector_law_certified": true,
  "selector_law_status": "candidate_only",
  "selector_point_certified": true,
  "selector_used": "principal_equal_split",
  "singular_values_raw_gev": [
    2.3986448447627196e-12,
    2.3986448447627196e-12,
    2.590074050773907e-12
  ],
  "source_closure_status": {
    "closed": false,
    "family_response": {
      "closed": false,
      "missing_objects": [
        "source_emitted_family_transport_kernel"
      ],
      "upstream_proof_status": "conjugacy_riesz_candidate",
      "upstream_status": "template"
    },
    "majorana_lift": {
      "closed": false,
      "missing_objects": [
        "source_emitted_family_transport_kernel"
      ],
      "upstream_proof_status": "conjugacy_riesz_candidate",
      "upstream_status": "template"
    }
  },
  "source_only_physical_input_eligible": false,
  "status": "blind_forward_matrix",
  "takagi_congruence_max_offdiag_gev": 4.762404209507012e-28,
  "u_nu_left_imag": [
    [
      -0.007161937993042792,
      0.0,
      0.009380801551920793
    ],
    [
      0.0035809689965214018,
      -0.006202420242304,
      0.009380801551920776
    ],
    [
      0.003580968996521402,
      0.006202420242304001,
      0.009380801551920778
    ]
  ],
  "u_nu_left_real": [
    [
      -0.8164651696862825,
      0.0,
      -0.5772740544105353
    ],
    [
      0.40823258484314184,
      -0.7070795782534932,
      -0.5772740544105341
    ],
    [
      0.4082325848431419,
      0.7070795782534933,
      -0.5772740544105343
    ]
  ]
}
